[gd_scene load_steps=7 format=2]

[ext_resource path="res://prefabs/gridmap_mesh.meshlib" type="MeshLibrary" id=1]
[ext_resource path="res://prefabs/tree1.tscn" type="PackedScene" id=2]
[ext_resource path="res://scripts/CamBase.cs" type="Script" id=3]

[sub_resource type="SphereMesh" id=3]
radius = 0.2
height = 0.4

[sub_resource type="ProceduralSky" id=1]

[sub_resource type="Environment" id=2]
background_mode = 2
background_sky = SubResource( 1 )
tonemap_mode = 3
tonemap_white = 4.0

[node name="World" type="Spatial"]

[node name="GridMap" type="GridMap" parent="."]
mesh_library = ExtResource( 1 )
data = {
"cells": PoolIntArray( 0, 0, 0, 1, 0, 0, 2, 0, 0, 3, 0, 0, 4, 0, 0, 5, 0, 1073741824, 6, 0, -1610612736, 7, 0, -1610612736, 8, 0, -1073741824, 9, 0, 0, 10, 0, -1610612736, 11, 0, 0, 65532, 0, 536870914, 65533, 0, 1, 65534, 0, 1, 65535, 0, -1610612735, 0, 1, 0, 1, 1, 0, 2, 1, 0, 3, 1, 0, 4, 1, -1610612736, 5, 1, 0, 6, 1, 0, 7, 1, -1610612736, 8, 1, -1610612736, 9, 1, 0, 10, 1, 0, 11, 1, 0, 65532, 1, 536870914, 65533, 1, 1, 65534, 1, 1, 65535, 1, -1610612735, 0, 2, 0, 1, 2, 0, 2, 2, 0, 3, 2, 0, 4, 2, -1073741824, 5, 2, 1073741824, 6, 2, 0, 7, 2, -1610612736, 8, 2, 0, 9, 2, 0, 10, 2, -1610612736, 11, 2, -1610612736, 65532, 2, 2, 65533, 2, 1, 65534, 2, 1, 65535, 2, 1, 0, 3, 2, 1, 3, 2, 2, 3, 2, 3, 3, 1073741826, 4, 3, 536870914, 5, 3, 536870914, 6, 3, 1073741826, 7, 3, 1073741826, 8, 3, 2, 9, 3, 2, 10, 3, 536870914, 11, 3, -1610612734, 65532, 3, 2, 65533, 3, 1073741826, 65534, 3, 2, 65535, 3, 2, 0, 65532, 2, 1, 65532, 536870914, 2, 65532, 536870914, 3, 65532, 536870914, 4, 65532, 536870914, 5, 65532, 536870914, 6, 65532, 2, 7, 65532, 1073741826, 8, 65532, 536870914, 9, 65532, 2, 10, 65532, 536870914, 11, 65532, 536870914, 65532, 65532, 1073741826, 65533, 65532, 536870914, 65534, 65532, 2, 65535, 65532, 536870914, 0, 65533, -1610612736, 1, 65533, 1073741824, 2, 65533, 1073741824, 3, 65533, -1073741824, 4, 65533, -1610612736, 5, 65533, -1610612736, 6, 65533, 0, 7, 65533, 0, 8, 65533, -1610612736, 9, 65533, 0, 10, 65533, -1610612736, 11, 65533, 1073741824, 65532, 65533, 536870914, 65533, 65533, -1610612735, 65534, 65533, 1, 65535, 65533, 1, 0, 65534, -1610612736, 1, 65534, 0, 2, 65534, 0, 3, 65534, -1610612736, 4, 65534, -1610612736, 5, 65534, -1610612736, 6, 65534, 0, 7, 65534, 0, 8, 65534, -1610612736, 9, 65534, 0, 10, 65534, -1610612736, 11, 65534, -1610612736, 65532, 65534, 536870914, 65533, 65534, 1, 65534, 65534, 1, 65535, 65534, -1610612735, 0, 65535, -1610612736, 1, 65535, 0, 2, 65535, -1073741824, 3, 65535, 0, 4, 65535, -1610612736, 5, 65535, 0, 6, 65535, 0, 7, 65535, 0, 8, 65535, 0, 9, 65535, -1610612736, 10, 65535, -1073741824, 11, 65535, -1610612736, 65532, 65535, 2, 65533, 65535, -1610612735, 65534, 65535, 1, 65535, 65535, -1610612735 )
}
__meta__ = {
"_editor_clip_": 0
}

[node name="CamBase" type="Spatial" parent="."]
transform = Transform( 1, 0, 0, 0, 0.988803, 0.149225, 0, -0.149225, 0.988803, 0, 10.1392, 9.02783 )
script = ExtResource( 3 )
gridMapPath = NodePath("../GridMap")
turmContainerPath = NodePath("../Tuerme")

[node name="Camera" type="Camera" parent="CamBase"]
transform = Transform( 1, 0, 0, 0, 0.937774, 0.347247, 0, -0.347247, 0.937774, 0, 0, 2.34131 )
current = true

[node name="ball" type="MeshInstance" parent="CamBase"]
mesh = SubResource( 3 )
material/0 = null

[node name="BaumContainer" type="Spatial" parent="."]

[node name="tree1" parent="BaumContainer" instance=ExtResource( 2 )]
transform = Transform( 0.689885, 0, 0.723919, 0, 1, 0, -0.723919, 0, 0.689885, 1.1807, 0.922175, -7.63894 )

[node name="tree2" parent="BaumContainer" instance=ExtResource( 2 )]
transform = Transform( 1, 0, 0, 0, 1, 0, 0, 0, 1, 8.22474, 0.922175, -7.63894 )

[node name="tree3" parent="BaumContainer" instance=ExtResource( 2 )]
transform = Transform( 0.651463, 0, -0.75868, 0, 1, 0, 0.75868, 0, 0.651463, 15.237, 0.922175, -7.63895 )

[node name="tree4" parent="BaumContainer" instance=ExtResource( 2 )]
transform = Transform( 0.595468, 0, 0.803379, 0, 1, 0, -0.803379, 0, 0.595468, 21.8806, 0.922175, -7.63894 )

[node name="tree5" parent="BaumContainer" instance=ExtResource( 2 )]
transform = Transform( 0.13153, 0, 0.991312, 0, 1, 0, -0.991312, 0, 0.13153, 21.8806, 0.922175, 6.75206 )

[node name="tree7" parent="BaumContainer" instance=ExtResource( 2 )]
transform = Transform( 0.6278, 0, 0.778375, 0, 1, 0, -0.778375, 0, 0.6278, 3.79912, 0.922175, 6.75206 )

[node name="WorldEnvironment" type="WorldEnvironment" parent="."]
environment = SubResource( 2 )

[node name="DirectionalLight" type="DirectionalLight" parent="."]
transform = Transform( -0.0088561, 0.585637, -0.810525, 0.0063985, 0.810573, 0.585602, 0.99994, 0, -0.0109257, -14.2041, 5.54301, 0 )
shadow_enabled = true

[node name="Tuerme" type="Spatial" parent="."]
